 

Orat. 26, 89

—- 26, 90
⁸- 29, 102
⁸*— 29, 104
ι- 30, 104

-- 30, 106
⁴·— 32, 113

— 32, 115

-- 33, 113

-— 34, 120
⁸—- 36, 123

—- 36, 125

- 36, 126
⁴⁵—- 37, 129
³*— 33, 132
⁴·— 39, 134 f.
⁸—- 41, 142

-- 44, 149
*— 44, 151
⁸-— 45, 152

— 43, 159

-- 49, 165
‘.— 50, 163
*-- 52, 174
*-- 53, 177
·— 54, 131 f.

-— 56, 136
⁴*— 57, 191

— 57, 192

— 53, 193
⁴⁵—- 63, 212 ff.

— 63, 229
³³— 70, 232 f.

—- 70, 233
³³— 71, 236

Top. 5, 23
⁴³-— 22, 33
.— 24, 91

Orat. Part. 5, 15
de opt. gen. 1, 1

ικ- 2, 5

ι- 3, 3

⁴⁵- 4, 10
-- 4, 12
— 5, 13

—6, 17

INDEX LOOQRUM.

31 5.

19 16

117 617
1412

523

6 22
32 22
20 3
18 19
18 21
31 24
30 2
32 22
10. 36
31 33
30 27
31 2ο
31 24
22 12

9 13
18 11
22 13
40 12
22 24
21 17
18 3
17 10
19 21
22 13
22 13
22 13
22 13
33 3
22 13
35 22
31 24
22 25
28 5
22 13
21 18
22 13
19 23
20 17
31 7

9 6

·1015

22 23

22 24
23 14
12 23
30 25
21 9

34 2ο

 

 

 

 

*de opt. gen. 7, 22 39 21
Aoad. Post. (Ι) 4, 13 21 8
—— 4, 14 3 15 4 1

*—- 5, 19 30 16
—- 5, 21 5 23
-——- 7, 27 19 2ο
—- 9, 33 32 27
--- 9, 35 36 17
-- 12, 46 19 2ο
Acad. Pr. (Π) 10, 30 40 10
— 11, 35 6 20
— 17, 55 40 3
——— 18, 56 13 12

⁴⁸⁶—— 20, 64 6 22
-- 23, 72 5 10
— 25, 80 9 13
—-— 32, 103 17 17

³¹⁵—- 35, 112 18 19 32 18 39 6

*—-— 36, 115 30 15

45, 138 32 20
Parad. Prooem. 5 9 15

111 1, 22 28 24
de div. Ι 28, 59 39 14
— Ι 31, 66 14 1
— I 49, 110 31 32
— ΙΙ 3, 8 37 22
— II 10, 26 25 3
— 11 51, 105 25 5
—- 11 52, 118 1816
-- 11 68, 141 18 12
--- 11 70, 144 4 3
--, 11 72, 150 5 6
de fato 6, 12 25 19
— 6, 20 34 12
de fin. I 4, 11 4 3
— I 13, 43 2 8
— I 13, 44 32 20
—— I 20, 69 24 4
— II 1, 3 24 2
— 11 4, 11 7 3
— II 12, 38 25 3

θ’ ΙΙ 13, 42 24 10 25 5

³* ΙΙ 16, 51 31 29
-— ΙΙ 23, 76 28 3
— II 24, 77 17 27

*—- II 28, 92 31 29
—- ΙΙΙ 11, 39 29 8

