394

de orat. 1 34, 159
*—— Ι 35 ff.
-— I 35, 161
*—- Ι 36, 165
—— I 36, 166
--— I 37, 169
—- I 38, 172
*-— I 38, 173
-- Ι 39, 180
*— I 40, 184
³¹⁶— I 41, 185 ff.
—— I 41, 186
75- Ι 44, 197
— I 46, 201
—-— I 46, 202

* 1 49, 212

*-

 

1 49, 213
- 1 49, 214
1 50, 217 f.
-- 1 50, 218
-— 1 51, 222
- 1 52, 223
1 53, 228
κ- 1 54, 231
-— I 54, 232

 

ξ

 

 

—- 1 56, 236
—- 1 58, 249
*— 1 59, 251
* 1 60, 256
— 1 60, 257
*— 1 62, 263
-— 1 62, 264
11 1, 4
— 11 2, 5
*— 11 3, 12
— 11 4, 18
· 11 5, 21
— 11 7, 27
— 11 8, 33
11 8, 34 ff.
— 11 9, 38
-— 11 10, 43
— 11 11, 47
*-— 11 12, 51
—- 11 12, 54
*- 11 14, 58
1⁶— 11 15, 62

 

*-

 

ἦε

 

*ἐκ*

 

※

INDEX LOOORUM.

22 19 31 21. 33 ,

31 33

31 6. 33

31 32
30 21
22 15

203

3214
16

9 10 10 17.18

10 18
18 4

21 33

15 10

913

17 27

321

21 11
19 1
31 31
31 32
17 29
31 19
1 14
5 13
19 11
1 6
7 17
20 11
30 2
6 20
24 9
36 10
2 15
30 27
2 1
32 34
29 14
16 8
40 12
20 16
30 21
31 9
13 9
22 24
10 15
31 28
22 24

de orat. II 15, 64 31 24
-— II 21, 88 32 11
-— II 23, 92 25 22
³*— ΙΙ 23, 94 18 15 25 22
*— 11 25, 106 18 3
— ΙΙ 27, 115 31 2ο
*—- Π 27, 116 31 8 39 12
— II 28, 123 33 7
³¹⁶—- ΙΙ 29, 126 10 10 16 8
*-—- II 30, 131 6 26
—- ΙΙ 31, 133 21 39
—- ΙΙ 37, 154 12 14
— II 38, 157 12 7
³*— ΙΙ 38, 159 18 23 21 12 31 24
33 22
— ΙΙ 39, 162 19 21 20 13
*--— 11 40, 170 34 33
—- II 42, 180 21 39
³⁸⁶— II 42, 181 30 2
— II 43, 183 3610
*——— ΙΙ 45, 189 6 17
—- ΙΙ 45, 190 14 12
—- II 48, 199 12 12
- 11 51, 205 40 6
— II 53, 213 22 23
*— ΙΙ 54, 216 ff. 23 1
— II 54, 218 31 24
—— ΙΙ 54, 219 ff. 29 8
-- II 56, 228 22 21
— II 59, 240 26 2ο
— ΙΙ 59, 242 32 21
*— II 60, 244 22 25
-- 11 62, 253 1 1
-- II 66, 266 7 17
— II 68, 277 18 25
-—- ΙΙ 71, 290 23 1
—- ΙΙ 72, 292 6 2
*—- II 77, 311 19 27
— ΙΙ 78, 316 6 15
— II 79, 321 3610
— ΙΙ 82, 334 31 9
*— ΙΙ 83, 338 39 14
³⁸⁶— II 89, 362 16 8 24 4
— ΙΙ 89, 363 25 29
— 111 1, 4 40 e
—- III 2, 5 1 17
*— III 4, 15 31 28

