 

cinero

· “ *sad Herem] 1-111

³⁸— 14
⁴¹—- Ι 10, 7
--- I 11, 18
-- 1118, 28
— III 13, 23
⁸⁵— ΠΙ 16, 28 f.
— IV 11, 16
*—-— IV 12, 18
—— IV 14, 20
— IV 26, 36
*— IV 28, 39
—— IV 33, 44
⁴¹*— IV 51, 65
*de invent. 1 1, 1
⁴¹⁵—— 12
⁸—— 1 5, 6
——- I 15 ff.
2— I 20, 28
— Ι 25, 35
—- Ι 31, 51
—- 1 46, 87
— I 52, 98
— 11 4, 12
—— 1116, 50
—- II 20, 61
— II 51, 154
—- II 57, 170
-— II 57, 171
*de orat. I ext.
-- I 1, 1
*-— I 2, 4
*—- Ι 2, 5
-— 1 3, 10
- I 3, 12
*- I 4, 14
⁴³—— Ι 4, 15
-— Ι 5, 17
⁸—— 1 5, 18
— 1 5, 19
⁴¹¹—- 1 6, 20
— I 7, 24
⁴⁸⁵— 1 8, 30,
*- I 8, 31
⁴⁸—— 1 8, 32
¹⁸*— 1 8, 34

INDEX LOCORUM.

314

10 30

30 91. 96

599 2291

522

31 7
19 11
19 14
14 21
5 8
14 12
33 19
18 23
21 17
21 39
41 6
33 21
16 19
20 7
40 19
33 19
30 97
19 11
19 19
36 91
35 7
4 8
22 96
31 7
6 18
19 20
3 14
10 30
10 30
42 8
30 10
1 14. 91
33 99
31 36
18 9
40 19
37 15
26 99
30 9
30 96
32 11
39 8
4019
6 17
18 4
23 19

*de orat. Ι 9, 38

*- 1 10, 40 ,
— 1· 10, 42
*-- 1 10, 43
*- 1 11, 46
⁴⁵-— 1 11, 47
-- 1 11, 48
-- 1 12, 50
— 1 12, 52
⁴⁸⁵- 1 19, 63
-— 1 12, 54
*-- 1 13, 55
*— 1 13, 56
³⁵—- 1 13, 58
- 1 13, 59
*—- 1 15, 64
-— 1 15, 65
³⁵- 1 15, 68
— 1 15, 69
— 1 16, 70
*⁶— 1 16, 72
7- 1 17, 74
*⁵— 1 18, 84
2³-— 1 19, 87
*— 1 20, 89
³⁸⁵— 1 21, 94
*-- 1 21, 96
- 1 22, 102
-- 1 23, 107
— 1 24, 111
-- 1 25, 113
⁴⁸- 1 25, 116
— 1 25, 117
*—· 1 26, 121
— 1 27, 124
⁴⁵— 1 27, 128
*— 1 28, 130
⁴⁵-— 1 31, 137
⁴·— 1 31, 138
9- 1 31, 141
- 1 31, 142
*—- 1 33, 149
⁴¹—- 1 33, 150
-- 1 33, 152
— 1 33, 153
⁴³—- 1 34, 157
⁴¹—- 1 34, 158

“ 393

40 19
18 3
31 5
24 10
32 18
3 91 25 3 31 98
31 10. 13
18 10
30 4. 97
31 13
33 25
31 97
26 11
30 91
31 10
34 5
32 90
30 16
32 1
30 97
32 11
11 6
24 9
6 17
32 96
1 5
20 14
3 91
25 3
32 34
1 17
6 17
10 10
39 8
28 16
30 96
20 11
28 9
30 97
31 7
30 96
31 3
10 31
34 5
26 18

18 93 19 16
25 30

30 97

315 26 8
30 91

15 10

699

12 8 2611

696. 97

12 7 37 36

309

