 

Epist. Mor. 52, 14
— 55, 4
—- 56, 2
⁴—— 58, 3 f.
—— 58, 5
—- 58, 7
—- 59, 1
— 59, 7
--- 66, 45
-- 70, 3
- 70, 8
—- 70, 15
⁴³—— 71, 15
— 72, 4
— 72, 9
-—- 73, 13
*—-— 74, 4
¹⁵—— 74, 10
-—- 75, 3
— 76, 8
⁴⁸*— 77, 20
—— 79, 14
*—— 80, 7
-- 83, 5
— 84, 3
— 86, 13
— 87, 7
— 88, 12
*—— 88, 18
*—-—— 88, 20
*— 88, 36
*— 89, 9
— 89, 20
— 90, 2
— 90, 4 f.
— 90, 25
—- 90, 33
— 92, 21
—- 94, 40
-- 94, 41
— 95, 14
— 95, 57 f.
— 95, 58
—— 95, 69 ff.
—— 97, 1
— 97, 10
*—— 98, 13

*ἕ

*ὕ*

INDEX LOCORUM.

22 19

18 16

6 7
10 14
8 12
7 17
20 18
3 17
26 29
3 17
19 19
9 29
9 29
9 29
2 1
23 16
19 9
30 27
40 3
16 24
18 23
39 24
16 24
11 11
12 25
11 8
56
36 26
39 24
26 29
10 8
10 21
32 6
30 16
36 26
3 17
12 13
20 26
32 16
21 26
9 3ο
9 3ο
25 33
13 21
31 5
2 1
21 39
21 31
8 24

*Epist. Mor. 99,
— 99, 19
*—— 99, 31
*-— 100
--- 100,<5
— 100, 6
*- 100, 7
³*— 100, 8
— 100, 11
—- 100, 12
— 101, 1
— 104, 9
*— 104, 29 ff.
—- 106, 6
*— 108, 4
*— 108, 6
*— 108, 36
— 108, 38
—-— 109, 8
— 110, 1
——- 114
— 114, 3
*——- 114, 4
*——- 114, 6
— 114, 10
³*— 114, 13
— 114, 14
——- 114, 16
—— 115, 7
³⁸⁶— 115, 13
*Fragm. 112
Medea 194
Servius

10

25 17

21 33 22 11. 13
· 22 13

20 822

929 21 16

*ad verg. Aen. 1 269

*— I 382
— I 697
*- III 284
*— IV 653
*— V 521
——— VIII 517
— IX 274
*ad Ecl. II 23
*— III 90
*—- VI 11
*— VII 21

16 24
9 3ο
16 24
22 5
32 17

326
365
3122
930
62
26 31

23 26
20 14
20 14
32 22

32 11

3 8
28 8
20 7
26 3
26 3
22 22
23 7
25 17
22 12
20 18
12 11
21 39
41 19

16 28
20 2ο
1 17
16 28
17 10
12 23
18 6
3 13
12 23
12 23
13 7
12 23

