 

·1v 92
*v 46
v 119
*v 137
*vl 1 ff.
111 21
111 185
111 439
111 634
*1111 16 ff.
1111 21
1·1111 38 ff.
*vn 58
*vn 80
1111 113
'vn 136
1111 141
*vn 145
*1111 150 ff.
*vn 175
*vn 185
*vn 203 ff.
1111 206
*VII 215 ff.
*v111 47 ff.
*vm 87 ff.
Χ 9
*x 56 fi.
*x 81
*x 118
*x 124
Χ 128
*Χ11 99
Χ11 100
’Χ111 38 ff.
Χ111 3
*Χ111 31 ff.
*Χ111 47
Χ111 228
Χ11 29
Χ11 33

Lactantius

Inst. V 15, 8
--- VII 1, 11
de opif. Ι 2
——- XI 1

INDEX LOCORUM.

2126

8 1
11 10
11 12

6 6
1211
15 1

3 21

1 6
10 14

9 25

9 26

9 17

9 31

5 6

1 6

1 6

6 13

8 15
35 18
10 25
29 3
35 8
13 21
29 3

6 17
41 6
24 2
40 3
29 11
40 26
37 27
24 2

6 6
32 7
12 11
28 6
28 6
28 18
28 23
1014
15 1

35 22
19 15

9 15
31 2

Lampridius
Alex. Sev. 27

*Laus Pisonis 64

Libaniua
Orat. p. 199
*— p. 200
— p. 798 ff.
— p. 921 ff.
Decl. 43

Livius
Praef. 3
— 13
I 6, 4
Ι 7, 6
Ι 16, 4
1 17, 9 ·
I 19, 4

*1 21, 3
I 23, 1
I 31, 5
I 34, 6
I 53, 6
II 3, 3
II 10, 11
II 18, 2

*II 32, 8
II 43, 10
ΙΙ 49
II 60, 3
III 8, 1
III 14, 6
III 19, 4
III 37, 7
III 54, 9
III 65, 1
111 71, 3

*IV 6, 1
IV 43, 10
V 3, 4
V 24, 6
V 28, 10
V 40, 3
V 54, 5

*VI 2, 9
VI 14, 11

407

39 3
16 19

15 16
29 14
35 18
35 18
35 19

40 21
11 8
42 6
13 22
37 37
34 35
19 9
13 19
28 10
41 11
34 21
4 3
4 3
35 12
26 2ο
17 1
26 5
28 8
40 9
41 11
10 5
34 24
8 18
11 8
5 10
6 15
34 5
5 26
10 2
5 6
10 2ο
28 10
6 11 33 17
7 18 8 12
36 26

