402

in Verr. II 7, 19

—- 11 16, 41
— 11 21, 52
-— 11 25, 61
-— 11 27, 65
*— 11 35, 87
— 11 39, 96
— 11 75, 185
-— 11 76, 187
— 11 78, 192
-— 11 3, 1, 3
- 11 24, 59
— 11 41, 96
— 11 41, 98
— 11 42, 99
— 11 46, 111
-— 11 52, 122
— 11 69, 161
—- 11 78, 181
—- 11 4, 9, 21
- 11 11, 26
--' 11 17, 38
— 11 23, 52
*— 11 24, 53
— 11 25, 56
— 11 27, 62
-- 11 37, 80
³⁴⁶— 11 43, 95
-- 11 44, 98
— 11 49, 107
— 11 49, 109
— 11 50, 111
— 11 52, 115
— 11 52, 117
— 11 56, 124
— 11 57, 125
-- 11 57, 126
—- 11 59, 132
-- 11 66, 148
—- 11 5, 9, 22
-- 11 10, 24
—— 11 58, 150
-— 11 60, 157
— 11 68, 173
ad Λα. 1 16, 2
- 1 16, 4
ἰε- 1 16, 8

INDEX LOCORUM.

7 10
35 6
23 2
23 2
35 6
10 8
19 11
34 31
20 8
39 8
40 10
10 1
23 2
23 2
23 2

1 7
41 6
33 16
28 16

5 2
32 14
23 2
17 27
23 4
26 34
34 21

9 2ο
23 1
23 2

8 7
23 2
23 2
28 3
30 23
23 2
23 2
23 2
23 2
26 2ο
23 2
35 6
23 2
36 26
23 2
28 5

9 9
34 5

ad Att. 1 19, 3
— 11 5, 1
*-— 11 20, 6

‚*— Ν 15, 4

*— Ν 15, 8
*— Ν 16, 5
-— Ν 16, 14
-— Ν 17, 3
-—- VI 1, 7
—- VI 1, 12
*—- VI 3, 10
— vn 2, 5
— vn 15, 1
— vn 19
*— 1x 6, 6
—- x 11, 3
-— XI 6, 6
— ΧΠ 23, 2
— ΧΠ 23, 3
— xm 32, 3
*— XIV 1, 2
*-- xv 11³, 2
-— xv 13, 3
-— xv 14, 3
— XVI 8, 2

218

139

2126

ad Quint. frat. 1 1, 6, 19

— Ι 8, 25
— I 12, 37
*—— II 3, 6
*—- ΙΙ 16, 3
— ΙΙΙ 3, 3
*[ad Brut.] Ι 15, 1
ad fam. Ι 9, 15
— Ι 9, 16
³¹⁶— Ι 9, 23
— 111 10, 1
*— III 11, 2
— IV 6, 1
——— IV 8, 1
-— IV 12, 2
— V 2, 2
——— V 6, 2
--- V 12, 5
— V 13, 3
— VII 9, 1
*—— VII 32, 1
— VII 33, 2

5 13 11 12

9 13

6 27
30 15
34 33
21 8
34 33
19 16
22 2ο
40 12
38 7
37 11
10 1
36 3ο

9 15

-213

28 9
31 2ο
21 8
29 3
21 8
25 29
21 26
9 15
13 18
17 23
32 13
34 27
32 13
39 21
21 8
39 22
21 39
10 19
8 11
17 27
9 11
40 5
35 9
1 17
13 24
25 27
28 13
8 12
39 8
6 27
23 1
34 3

