  
 

, *Episn 11 11, 14
-— 11 11, 16
— 11 13, 2

¹⁸- 11 14, 3
⁴¹- 11 14, 12
— 11 17, 2
— 11 19, 7

-— 11 20
ι- 111 3, 3
⁴¹— 111 5, 3
⁴³— 111 5, 17

-— 111 6, 3

— 111 7, 13

28 14

-— ΙΙΙ 7, 14
— III 7, 15
—- III 9, 16
—--*111 16, 8
*—- ΠΙ 18, 4
—— III 18, 10
— ΙΙΙ 19, 4
-- ΠΙ 20, 8
--- IV 2
-- IV 2, 2
¹¹—— IV 3, 3
— IV 9, 7
19 24

 

INDEX LOCORUM.

19 24 386 1 Epist.V20,6
—V20,8
*—V33

*—-V12,4
*—VI2,6
*-—V16,3
—V16,6
——V18,2
—V129,3

3319
15 10
34 3
26 11
10 2ο
6 24
15 4
29 4
13 10
37 3
15 1
30 27
5 11
25 23
6 10
35 12
9 16
25 17
1 7
29 8
15 4
2 3
16 19
13 1
38 6
6 15
42 5
26 17
18 1
39 6
10 12
32 34
12 9
6 8
32 1
34 7
21 27
3 2
13 18
32 29
22 24
21 33
7 4
8 3ο
9 19

939 216

383

18 1
*-— VI 31, 1 f.
*—— VI 33

¹ *—- VII 2
*-—- VII 4, 3
*-—- VII 4, 10

— vn 6, 3
*⁵— VII 6, 11 f.
—- vn 9, 9
— VII 9, 15
——- VII 10, 3
-- VII 19, 7
— VII 2ο, 4
—- VII 30, 4
— VII 33, 1
*-—- V11 33, 10
— vm 4, 6
-— VIII 16, 3

10 12

—- VIII 17, 4
--- VIII 20, 7
*— VIII 23, 3
— IX 2, 2
—— IX 6, 2
— IX 10, 2
—- IX 13, 23
— IX 21, 3
*⁵— IX 23, 5
— IX 26, 1
³⁸⁵—— IX 26, 3
-— IX 33, 4
— IX 33, 11
' — 1x 34, 2
ad Trai. 11
— 67, 2
Paneg. 2
⁴⁸⁵— 3
—- 10
—- 12
-—-— 12

717

413

21 13
9 2ο
7 4

15 4

39 6

15 15

25 33

10 35

37 22

15 2
7 6
1 1

12 23

10 1

31 2

14 22

10 17

30 2

15 8
3 9

18 1

23 9

21 1
3 21

25 33

39 8

39 8

37 36

35 8

13 12

29 11
9 31

17 22

32 1

21 1

37 37

37 38

18 7

32 1

21 1

23 17

18 7

15 16 32 6

812
181
151

522

