418

*vm 5, 34
*V111 0, 24
*vm 6, 42
*vm 0, 62
*vm 8, 56
ΙΧ 1, 18
*lx 1, 25
ΙΧ 1, 43
ΙΧ 2, 1
*ΙΧ 2, 17
*ΙΧ 2, 27
1Χ 2, 57
*1Χ 3, 1
lx 3, 12
IX 3, 21
ΙΧ 3, 68
lx 3, 74 f.
*ΙΧ 3, 95
*ΙΧ 4, 1

*ΙΧ 4, 1-147

lx 4, 17
ΙΧ 4, 29
IX 4, 41
ΙΧ 4, 61
*lx 4, 67
*1x 4, 73
ΙΧ 4, 85
ΙΧ 4, 111
ΙΧ 4, 113
IX 4, 137
*ΙΧ 4, 138
IX 4, 139
1x 4, 141
*ΙΧ 4, 142

ΙΧ 4, 144 ff.

ΙΧ 4, 147
*Χ 1, 1 ff.
Χ 1, 2

*

κκῆκκκκκκ

ἱξ-ιψυ-ιψι-ιθῌΓΔΑ-4’,ι--ιψι-ιὶἰ--ι
[ΟῐθῑῦῐῦΝΩῡ-*ῠ-*μρ
ωκΙιῢΙΟΡ-*ΦᾸΙΦῚ

INDEX LOCORUM.

1815 20 6 20 4
12 11
19 10
21 17
12 25

, 206
22 13
19 2

6 22

1911

4016

3 8

314 33 23
15 8

5 9

20 3

32 17

21 26

12 23 18 21
21 17

18 4

3611

14 12

34 7

· 22 13
23 2
10 2
409
26 34
22 23
20 6

3126 “

10 16

18 26 20 22 26 4. 8
26 8

3126

33 21

8 12 39 9

32 8

2312

1 8 38 2. 4

32 5

17 22

17 22 19 2 31 32
18 21

18 23

4016 ,

 

Χ 1, 29
Χ 1, 30
*Χ 1, 31
*Χ 1, 33
*Χ 1, 34
Χ 1, 40
*Χ 1, 41
Χ 1, 43
*Χ 1, 46
Χ 1, 47
Χ 1, 48
Χ 1, 50
Χ 1, 66
Χ 1, 66
Χ 1, 67
Χ 1, 68

*Χ 1,
Χ 1,
*Χ 1,
Χ 1,

70
74
76
77

*X 1, 80

*X 1,

81

*Χ 1, 82
Χ 1, 86

*Χ 1,

90

Χ 1,91

*Χ 1,
Χ 1,
*Χ 1,
Χ 1,

*-

κξέἔκκκκκ

ι-ιυ--ιμ--ιι--ιιι-ιι-ιι-ιι-ιν-Δ
,...,....,....,.

22*
μιν-ι

22
ὶ-ΑΗ

εκ*
ᾺᾺᾺ
5⁶:⁴2*

93

96*

98

100
102
103
104
105
106
107
113
114
115

, 116
, 117
*Χ 1,
, 119
, 126

118

122
123
124

32 11
22 23

321 1412 2224 301

99

57

144

25 16

31 28

56 141

10 16 21 33

12 25

24 11

31 28
30 2
16 17
18 16
26 8
35 13
31 6 =
30 2
23 12
8 3
26 19
37 22
10 14
30 13
8 3
37 28
34 7
15 13
32 27
31 28
1 14
20 26
11 9
23 7
10 16
13 10
32 14
23 8
34 35
5 16
25 5

20 1
22 12

12 24 18 11 21 3639

21 21
18 6

25 17
21 7
26 22

26 17. 18

13 16

38
25 152
2529

14 22
8 1
39 16
23 19
37 28

’21 21

 

