177,38
V10,1ff.

   

V 10, 1
*V 10, 9
V 10, 35
V 10, 43
V 10, 57
*V 10, 100 f.
*V 10, 115
V 10, 121
V 11, 6
V 12, 13
V 12, 14
*V 12, 17 ff.
V 13, 2
*V 13, 3
V 13, 11
*V 13, 48
VI prooem. 10
VI prooem. 13
VI 1, 1
VI 1, 9
VI 1, 14
*VI 1, 35
*VI 1, 43
*VI 2, 1-29
VI 2, 11
VI 2, 19
VI 2, 25
*VI 2, 26
VI 2, 36
*VI 3, 4
VI 3, 17
VI 3, 21
VI 3, 38
VI 3, 41
*VI 3, 42
VI 3, 52
*VI 3, 55
VI 3, 67
*VI 3, 76
*VI 3, 78
VI 3, 79
VI 3, 93
VI 3, 112
*VI- 4
VI 4, 1

INDEX LOCORUM.

6 24

29 7
19 14
31 12
2 3
19 14
2 6
33 19
19 14
7 4
36 26
21 4
9 11
31 2ο
35 17
34 7
34 30
34 7

617

617,

231

9 3ο
29 8

7 17
29 8
1310
17 23
23 4

8 3
201
2618
2618
34 7
919
34 5
33 2

 

VI 4, 14
*VI 4, 19
*VII 2, 4
VII 2, 24
*VII 2, 26
VII 2, 42
*VII 3, 7
*VII 4, 21
VII 4, 31
*VII 7, 2
*VII 7, 5
VII 7, 15
*VII 8, 3
*VII 8, 4
VII 9, 2
*VII 10, 12
VII 41, 40
VIII prooem. 2
VIII prooem. 6

*V111 prooem. 13
VIII prooem. 18 ff.
VIII prooem. 29

*17111 2, 2
17111 2, 4
17111 2, 7
17111 2, 11

- 17111 3, 6

17111 3, 7
17111 3, 22
17111 3, 27
17111 3, 29
*17111 3, 52
17111 3, 57
17111 3, 61
17111 3, 88
17111 3, 85
17111 3, 86
171113, 89
*17111 4, 32
*17111 5, 1
*17111 5, 2
17111 5, 8
*17111 5, 13
*vm 5, 15
17111 5, 28
vm 5, 32
vm 5, 38

417

34 25
34 12
38 15
2 8
38 15
2 27 37 28
35 18
35 18
29 8
35 18
35 18
6 22
35 18. 19
35 19
31 12
19 11
3 12
14 18
35 12
1 5
21 4
39 9
26 18
18 15
5 9
5 12
26 17 30 25
21 13
8 2
18 7
18 8
19 8
34 10
20 7
31 12
6 10
22 5
26 18
22 13
20 16
22 13
10 32
22 13
14 22
20 6
38 «1
8 9 16 16

