420

XII 3
*XII 3, 1 ff.
*XII 3, 4

XII 3, 11

XII 5, 1
*XII 5, 4
*XII 6, 1
*XII 6, 4
*XII 6, 5

XII 6, 6
*XII 7, 1 ff.

XII 7, 7

XII 7, 9

XII 8, 4

XII 9, 2

XII 9, 4

XII 9, 8

XII 9, 16

XII 9, 20
*XII 10, 10
*XII 10, 11

*XII 10, 12 ff.

XII 10, 13
*XII 10, 14
XII 16, 15
*XII 10, 16
XII 10, 22
XII 10, 23
*XII 10, 24
*XII 10, 40
XII 10, 41
XII 10, 44

XII 10, 46 ff.

XII 10, 47
*XII 10, 48
XII 10, 55
XII 10, 56
*XII 10, 66
*XII 10, 69
*XII 10, 73
XII 10, 78
XII 11, 2
*XII 11, 3
*XII 11, 5
*XII 11, 14
XII 11, 16
XII 11, 24

INDEX LOCORUM.

31 33

30 21
30 21 33 13
13 17

26 19 31 21
6 24
34 35

33 21
34 12
14 18
34 30

22 21
9 27
37 28

40 9

14 1

9 11
13 17

5 9

21 21

81 1422 192 2617

12 23 18 19
18 25
18 19
23 14
18 19
25 16
14 12 18 7

99 141 3222

32 13

36 11

14 12

32 17

26 5

20 16

3 12

31 26

18 8

18 13

20 22 26 8
5 7

26 34

8 18 13 10
2 7 34 3
28 6

37 6

31 21

 

 

XII 11, 26
XII 11, 28
XII 11, 31

ι [Declam.] 3, 4

—- 12, 1
³³- 15, 2
* 18
—- 18, 6
— 26, 5
56, 8
— 166, 5

 

 

— 194, 25

—— 213, 8

*— 247. 251. 252.

 

* 253
—- 258, 6

309. 326. 330. 343.

*— 262. 276. 280. 301. }

368. 383. 384

³¹⁶-— 268

* 282. 288. 345. 374. 382

 

Rhetores Graeci

IV 41 (Dionys. ap. Syrian.)
*1 p. 306 Sp. (Longinus)

111 p. 313

23 1⁵
10 19
19 21
3 17
40 3
35 22
35 19
37 27
16 32
13 18
16 32
25 23
16 32
35 19
35 18
25 23

35 19

40 26
35 18

33 19
22 23

3226 »

Rhetores Latini Minores (ed. Halm)

*p. 39 (Rufinianus)

p. 107, 30 (Fortunatianus)
p. 126, 8 (FortunatianIls)

p. 242 (Victorinus)
p. 527, 2 (Albinus)

*p. 575 (Rufinus v. 16 ff.)

Sallustius
Cat. 3
—— 6
—— 8

*— 17
—- 23
— 31
—— 33
——— 48
— 53
— 58
Iug. 4
—— 8

8 12 28 18

23 1
20 3
21 26
14 12
21 8
23 2

23 26
39 8
17 19
39 21
29 5
29 8
10 3ο
5 12
26 31
8 12
18 1
7 10

 

