INDEX LOCORUM. 401

Phil. XIII 19, 44 - 6 27 Ι *pro Roso. Am. 30, 84 9 6

 

.’. —x111 21, 5ο 232 -32, 89 825 11 3·
- XIV 6, 7 34 7 — 53, 153 23 2
j'J' *in Pis. 10, 22 23 1 pro Roso. Com. 10, 28 9 26
—-—- 20, 45 34 12 -- 15, 44 40 12
ᾗ -- 26, 62 23 2 eum sen. grat. 6 15 23 2
’“ —- 26, 64 32 13 pro Sest. 2, 5 23 2
—- 29, 70 , 3 21 -— 4, 10 23 2
-- 36, 89 26 13 — 5, 13 34 27
-——- 40, 96 34 31 —— 10, 24 18 23
pro Plane. 2, 4 23 2 ——- 24, 54 30 1
— 4, 9 23 2 —- 50, 106 23 2
— 5, 12 32 21 — 50, 108 23 2
—8, 21 42 —54, 115 207
—-— 11, 27 23 2 *—-— 57, 122 40 5
-- 18, 44 9 6 *-—— 58, 123 40 5
— 30, 73 23 2 -—- 62, 130 34 31
— 30, 74 23 2 pro Sulla 1, 3 23 2
— 36, 88 19 23 — 5, 16 12 14
—36, 89 211 —7, 23 232
pro Pomp. (pro leg. Man.) 1, 2 32 27 -— 11, 33 21 39
---2,6 361 —25,70 96 232
--- 4, 10 23 2 — 30, 83 ' 23 2
*——- 6, 14 10 6 pro Tull. 1, 1 · 23 2
-- 8, 20 23 2 in Vat. 6, 15 8 3
—— 9, 24 23 2 Div. in Caec. 1, 1 34 15 ’
--9,26 232 —1‚4 ⁴ 830
——10,28 8:³0 —7‚9 62
——- 11, 29 718 -- 8, 26 11 7
⁴⁹— 14, 40 10 8 — 11, 33 18 12
--— 14, 41 23 2 ⁴⁸*— 13, 41 . 6 22
- 14, 42 23 2 in Verr. 1 1, 3, 7 33 24
— 16, 47 23 2 — I 10, 28 23 2
— 19, 57 3718 *— I 11, 32 38 6
-20, 59 232 —I 13, 37 232
— 23, 67 23 2 —- Ι 16, 47 30 26
de prOV. cons. 3, 5 23 2 —-— I 17, 51 18 l
pro Quint. 4, 17 36 26 ——- ΙΙ 1, 4, 11 6 18
—— 7, 28 23 2 -- ΙΙ 6, 17 22 17
-— 10, 35 19 1 *— 11 9, 25 19 11 38 6
— 21, 68 23 2 —— 11 9, 26 38 4
Post red. 3, 7 12 4 ——- II 21, 56 22 22 23 2
pro Rosc. Am. 1, 1 6 15 — II 24, 62 6 2
- 17, 49 36 26 —— II 44, 113 32 21
—— 22, 60 32 5 *— II 46, 121 23 1
— 28, 76 12 15 — II 48, 126 3 17

— 28, 78 22 24 -- 11 2, 5, 13 34 31

