 

INDEX LOCORUM.

*[1'Iepl παιδ. ἀγωγῆς] 9 23 16 37 38
⁸-— 13 28 2ο
*[Ριαοίω] V 30, 6 ,17 10. 17
Polybius
111 86, 7 8 12
*VI 3, 7 41 15
*VI 45 ff. 49 14
romponius 101⁸
ΠΙ 52 25 23
maianus
G. L. praef. 10 19
Probus
*11 4, 5 23 2
Propertius
I 3, 19 11 1
I 10, 3 6 1. 11
11 7, 7 3 9
11 34, 41 10 14
*111 16, 17 13 19
IV 1, 1 9 31 13 19
IV 16, 11 10 14
¹”V 1, 119 3 21
V 1, 134 13 2ο
V 8, 13 13 19
. V 9, 24 9 31
V 11, 36 38 14
Quintilianus
Epist. ad Tryph. 1 3 12
Prooem. 4 30 5
— 15 35 6
— 17 9 12
*—-— 20 10 2ο
-— 23 34 7
-—- 24 21 4
*1 1, 2 29 4
*1 1, 6 28 21
*1 1, 8 28 6 35 15
I 1, 24 29 7
*1 1, 103 23 8
Ι 2, 1 28 13 35 7
I 2, 4 9 3ο 35 7
*Ι 2, 6 28 6 29 5
*Ι 2, 9 39 14
I 2, 10 8 3

1 2, 16
1 2, 16
1 2, 18
1 2, 25
1 2, 29
1 3, 3
*Ι 3, 3
1 4, 1
*1 4, 5
1 4, 24
1 5, 11
1 5, 39
1 5, 72
1 6, 1
1 6, 13
1 6, 39
1 7, 6
1 7, 35
1 8, 5
1 8, 8
*1 3, 10
*1 3, 12
1 3, 15
1 9, 1
1 9, 2
*1 10
*1 10, 1
*1 10, 8
*1 10, 9
1 10, 36
1 11, 2
1 12, 2
1 12, 7
*1 12, 18
*11 1, 2
*11 1, 3
11 1, 4
*11 2, 3

*11 2, 9 ff.

*11 2, 14
11 3, 1

*11 4, 2
11 4, 9
11 4, 13

*11 4, 2ο
11 4, 27
11 4, 23

3021 ‹ ⁷,

1811

14 13

59

2014

312

345

