416

*11 4, 41
11 5, 18
11 5, 19

*11 5, 21
11 5, 22
11 8, 8
11 8, 11

*11 8, 14

*11 9, 1
11 9, 2

*11 10, 3

*11 10, 4
11 10, 7
*11 10, 9

*11 10, 12
11 12, 2
11 12, 7
*11 12, 9
11 13, 9
11 14, 2
*11 15, 1
*11 16, 1 ff.
*11 16, 4
*11 17, 28
11 17, 40
11 17, 43
11 20, 6
*11 21, 1
11 21, 18
11 21, 20
*111 1, 1
*111 1, 17
*111 1, 18
*111 1, 19
*111 1, 21
111 8, 13
111 4, 1-16

*111 4, 16

*111 5, 1
111 6, 18
111 6, 45
111 6, 68
111 7, 3

*111 8, 1
111 8, 4
111 8, 42
111 8, 47

INDEX LOCORUM.

2022

347

30 27

815 1412

23 26

1416
1418
8 3
21 19
26 8

111 8, 48
111 8, 58
111 8, 60
111 9, 2
’111 9, 4

510 *111 11, 21

387 Ι

111 18, 1

10 22 Ι ΠΤ prooem. 6

35 8
2316

3517 ⁸

1416
1416
35 22
3517
26 2ο
811
35 18
3512
31 12
32 22
4012
4013
41 15
9 29

1 7
33 14
30 21
31 7
31 6
1914
1914
1914
1811
26 4
35 7
31 7
319

' 3319

10 21
31 12
11 15
37 28
31 9

3910
14 3

41 13

 

*IV 1, 1
*IV 1, 8
IV 1, 9
IV 1, 11
IV 1, 14
*IV 1, 42
IV 1, 58
IV 1, 59
*IV 1, 62
*IV 1, 72
*lv 1, 76
*IV 2, 1
*IV 2, 5
*IV 2, 26
ΠΤ 2, 27
*IV 2, 28
*IV 2, 29
*IV 2, 31
*IV 2, 37
*IV 2, 39
IV 2, 62
*IV 2, 68
ΠΤ 2, 92
ΠΤ 2, 97
IV 2, 118
ΠΤ 3, 2
IV 3, 8
IV 3, 12
*IV 3, 13
*IV 3, 14 f.
*IV 3, 25
ΠΤ 5, 6
*IV 5, 10
*IV 5, 24
ΠΤ 7, 36
V prooem. 5
V 1, 1
V 7, 1-37
*V 7, 7

40 10
14 1
14 1 24 2 31 24
31 24
22 12
15 12 19 14 f.
31 9

35 17 ‚-

1911

20 1
28 12
3815
35 22
1911
22 22
40 1ο
1911
19 11. 27
19 11
1912

7 6
19 11 26 2ο
911
1912
14 4.16
19 12
35 18 39 14
35 18
36 11
35 19
14 29
14 23
6 24
31 28
10 24
20 7
19 27
19 27
19 12
28 12

19 27 26 19
19 14
28 12
5 9
39 12
39 12
13 10

