 

 

 

 

 

 

 

 

 

 

 

396
*Brun 49, 182
* 49, 185
111- 55, 201
*- 56, 204
— 56, 205
*—- 58, 210
*⁵— 58, 211
* 59, 213 f.
*—— 59, 216
—— 61, 219
* 62, 222
* 62, 225
— 64, 229
*—— 65, 231
—- 65, 232
* 66, 233
*—- 66, 234
*—— 66, 235
——- 67, 236
*—- 67, 237
* 68, 239
*— 69, 242
— 69, 244
*—- 70, 247
³¹⁶-— 72‚ 252
- 72, 253
* 74, 259
*—— 75, 261
*—— 75, 262
-—- 76, 263
*— 77, 267
*-—— 77, 268
*—-— 78, 271
*— 79, 273
——— 79, 275
-- 80, 278
—— 80, 279
³⁸⁵—— 81, 280
*—— 82, 283
* 82, 284
——— 82, 285
—— 83, 287
* 84, 288
*- 84, 289
* 84. 290
——— 85, 293

--— 85, 294

INDEX LOCORUM.

92
10 ιο 1815

28 12.

28 23 32 5

21 21

21 21

3614
617
3314
38 7
21 3
3711
14. 21
37 11
3711
6 25
37 11
26 11
3617
26 30
3013
3710
3711
37 11

6 3

215
37 9
21 3
21 31
3711
2517
3213
23 9
2517

26 3,5

18 6. 23
12 23

23 12

33 24

3 20
3711
39 20
18 6
21 11
21 2
31 2ο
3711
2310
18 6
2314
26 34
1811
39 21
2011
21 2
18 4

fflrut. 86, 295 ff.

— 87, 297
— 87, 298

. — 88, 302

*-

 

89, 305
*—-- 89, 306
³⁸⁵-— 90, 309
* 90, 310
— 90, 312
*— 91, 315
*-—- 91, 316
*-— 92, 317
— 92, 318
——- 93, 320
*——— 93, 322
*— 94, 324
— 96, 330
Orat. 1, 4
——— 3, 9
——- 3, 12
*— 4, 14
⁴¹⁵— 4, 15
*— 5, 17
*— 5, 18
—- 5, 20
—— 6, 20
—- 7, 23
*-—— 7, 26
-— 9, 29
—— 9, 30
*—- 9, 32
— 11, 36
— 13, 42

 

*— 14, 46
*-— 15, 48
³⁸-— 17, 56 ff.
* 18, 57

 

-— 19, 61
⁴⁸⁶-— 19, 62
— 19, 64
-— 23, 75
κ 23, 77
41- 23, 78
— 24, 79 f.
ἰε- 25, 83
-- 26, 87
*—- 26, 88

 

343

186
161
333
2517
3610

3014 f.
410 2517 3015 3122

11 1
22 10

22 12

184

25 1ο

127

31 2
9 15
30 18
18 19
34 33
26 3
6 12
30 21
38 6
12 7
18 3
34 19
32 27
30 21
32 26
30 21
25 10
33 24
18 4
4 10
12 23
31 10
1 6
31 28
18 3
28 12
31 27
6 26
26 11
26 11
26 7
31 26
14 12
35 17
21 17
26 3
22 19
22 13
29 8
22 25

